Statistics on the patterns:

Number of patterns: 31499 (including the ones from configuration)
Number of patterns only in configurations: 355
Max number of spl using the same pattern: 7173 (the pattern is 'virtual/pkgconfig')
Numbers of spl using the same pattern: [1, 2, 3, 4, 5, 6, 7, 8, 9, 10, 11, 12, 13, 14, 15, 16, 17, 18, 19, 20, 21, 22, 23, 24, 25, 26, 27, 28, 29, 30, 31, 32, 33, 34, 35, 36, 37, 38, 39, 40, 41, 42, 43, 44, 45, 46, 47, 48, 49, 50, 51, 52, 53, 54, 55, 56, 57, 58, 59, 60, 61, 62, 63, 64, 65, 66, 67, 68, 69, 70, 71, 72, 73, 74, 75, 76, 77, 78, 79, 80, 81, 82, 83, 84, 85, 86, 87, 88, 89, 90, 91, 92, 93, 94, 95, 96, 97, 98, 99, 100, 101, 102, 103, 104, 105, 106, 107, 108, 109, 110, 111, 112, 113, 114, 115, 116, 117, 118, 119, 120, 121, 122, 123, 124, 125, 126, 127, 128, 129, 130, 131, 132, 133, 136, 137, 138, 140, 141, 142, 143, 144, 146, 147, 148, 149, 150, 151, 153, 154, 156, 158, 159, 160, 161, 162, 163, 164, 165, 166, 167, 169, 170, 172, 173, 175, 176, 177, 178, 179, 180, 181, 182, 184, 185, 186, 188, 190, 191, 193, 194, 197, 198, 200, 201, 205, 208, 210, 212, 213, 214, 217, 221, 224, 226, 227, 231, 233, 234, 235, 237, 239, 240, 241, 243, 251, 253, 254, 257, 258, 260, 263, 264, 268, 270, 271, 272, 273, 274, 277, 280, 284, 287, 292, 299, 303, 304, 305, 306, 308, 309, 310, 311, 313, 314, 315, 316, 317, 318, 319, 320, 329, 334, 335, 336, 342, 343, 344, 346, 348, 349, 350, 351, 362, 364, 365, 370, 375, 389, 392, 395, 401, 403, 405, 406, 414, 417, 422, 425, 432, 433, 437, 439, 444, 445, 446, 449, 451, 462, 464, 470, 487, 492, 502, 503, 504, 507, 510, 511, 521, 524, 525, 527, 539, 542, 565, 598, 604, 614, 620, 636, 644, 670, 687, 753, 770, 777, 782, 836, 839, 845, 854, 874, 876, 879, 908, 913, 994, 1015, 1029, 1080, 1351, 1379, 1392, 1404, 1416, 1449, 1460, 1484, 1638, 1639, 1642, 1689, 1700, 1903, 1997, 2028, 2570, 2665, 2806, 3402, 3975, 4270, 4317, 4322, 4429, 4433, 4438, 4450, 7024, 7110, 7173]

Number of patterns used by only one spl: 12834
Number of patterns used by only two spls: 5726
Number of patterns used by only three spls: 3180
Number of patterns used by only four spls: 2130
Number of patterns used by only five spls: 1390
Number of patterns used by only ten or less spls: 28310

